0.254 0.18 30. 90 399 423 0.240 0.567. 28.35 366 461 0.228 0.528 26.40 341 254 0.223 0.510 25.50 329 621
612 30.60 395 545 238 561 28.05 362 583 .228 .528 26.40 341 254 222 .007 25.35 327 682
250 30. 20 390 374 260 641 32.05 414 288 228 528 26.40 341 254 222 907 25.35 327 682
9200 604 20 390 374 246 608 34.90 451 128 228 528 26.40 341 254 222 25. 35 327 682
596 29.80 385 204 260 41 32.05 414 288 .228 .528 26.40 341 24 222 25. 35 327 682
596 29.80 385 204 250 604 30. 20 390 374 228 528 26.40 341 254 .222 507 25.35 327 682
506 99 80 357204 581 20 05 375 509 298 508 26.40 3417254 1222 5074 25.35 327 682
248 .596 29.80 385 204 241 570 28.50 368 400 228 .528 26.40 341 254 222 507 25.35 327 682
.596 29.80 385 204 240 567 28.35 366 461 22 8 .528 26.40 341 254 222 507 25.35 327 682
596 29.80 385 204 260 .641 32.05 414 288 227 .524 26.20 338 669 222 007 25.35 327 682
248 596 29.80 385 204 .244 581 29.05 375 509 227 .524 26.20 338 669 222 507 25.35 327 682
596 29.80 385 204 241 570 28.50 368 400 22 .524 26.20 338 669 222 907 25.35 327 682
596 29.8 385 204 240 567 28.35 366 461 227 524 26.20 338 669 222 507 25.35 327 682
247 6592 29.80 382 618 239 563 28.15 363 875 227 241 26.20 338 669 222 507 25.35 327 682
6 .589 29 45 380 680 238 560 28.00 361 936 .524 26.20 338 669 2221 1507 25.35 327 682
589 29.45 380 680 236 556 27 80 350 351 227 524 26.20 338 669 221 003 25.15 325 096
245 585 20 95 378 004 235 353 27 65 3877412 1297 524 26.20 338 669 1221 1503 25.15 325 008
2445 581 29.05 375 509 235 .553 27.65 357 412 227 .524 26.20 338 669 221 503 25.15 325 006
243 1577 28.85 372 924 235 .553 27 65 357 412 227 .524 26.20 338 669 221 .503 25.15 325 096
6242 574 28.70 370 985 235 553 27.65 357 412 227 .5241 26.20 338 669 220 00 2.00 323 158 2
567 28 35 366 461 235 .503 27.65 357 412 227 024 26.20 338 669 220 .500 25.00 323 158
.671 33.55 433 677 236 556 27.80 350 351 227 524 26.20 338 669 220 500 25.00 323 158
647 32.35 418 166 236 556 27.80 359 351 226 .520 26.00 336 084 220 500 25.00 323 158
260 641 32.05 414 288 236 556 27.80 359 351 225 517 25.85 334 145 220 500 25.00 323 158
250 637 31.85 411 703 24 9 27 45 354 827 225 517 25.85 334 145 220 500 25.00 323 158
503 295.15 325 096 232 542 27.10 350 303 224 514 25. 70 332 206 220 500 25.00 323 158
567 28.35 366 461 1232 542 97.10 350 303 1224 514 25.70 332 208 220 500 25.00 323 158
240 567 28 35 366 461 232 2 9 27.10 350 303 224 514 25.70 332 206 219 496 24.80 320 572
567 28.35 366 461 232 2 27.10 350 303 224 .514 25.70 332 206 .219 196 24. 80 320 572
567 28.35 366 461 232 542 27.10 350 201 223 510 25.50 329 621 .218 493 24.65 318 633
200 535 26. 75 6 493 24.65 318 633
519 277 .000 1 486 46 10 136 802 .2. 10 081 227
504 29.70 383 976 24100 571 28. 55 368 921 227 523 26.15 337 893 .221 503 25.15 325 201