0.354 1.0083 50.15 618 254 0.302 0.796 39. 80 514 467 0.326 0.890 44.50 575 220 0.307 0.816 40.80 527 303
360 1.020 51.45 665 058 300 788 39.40 509 269 1326 890 44.50 575 220 318 857 42.85 553 892
362 1.036 51.80 669 582 301 .792 39.60 511 881 326 800 44.50 575 220 .320 865 43.25 559 062
362 1.086 51.80 669 5 2 302 .796 39.80 514 467 326 890 44.50 575 220 326 890 44.50 575 220
358 1.021 51.05 659 8 8 302 796 39.80 514 467 326 .890 44.50 575 220 329 902 45.10 582 976
665 058 300 188 39.40 509 269 300 788 39.40 509 296 329 902 45.10 582 976
963 1 039 51.95 671 521 300 788 39.40 509 269 239 563 28.15 363 875 336 982 46.60 602 366
1.050 52. 50 678 631 300 788 39.40 509 269 225 .518 25.90 334 791 333 919 45.95 593 963
1.050 52.50 678 631 298 780 39. 00 504 126 220 500 25.00 323 158 322 873 43.65 564 233
22.2 3600 1.020 51.45 665 058 292 756 37.80 488 614 20 500 25.00 323 158 .321 869 43.45 561 648 4
360 1 020 51.45 665 058 293 .760 38.00 491 199 219 496 24.80 320 572 328 898 44.90 580 391
360 1.020 51.45 605 58 278 706 35.30 456 298 219 496 24. 80 320 572 290 748 37.40 4183 444
358 1.021 51.05 659 888 306 .812 40.60 524 808 220 .500 25.00 323 158 249 600 30.00 387 789
508 820 41.00 529 978 307 .816 40.80 527 393 .220 .500 25.00 323 158 273 687 34.35 444 018
510 25.50 329 621 308 820 41.00 529 978 234 .849 27.45 354 827 275 694 34.70 448 543
258 633 31.65 409 117 .310 828 41.40 535 149 270 676 33.75 436 263 277 702 35.10 453 713
788 30.40 509 296 311 8832 41.60 537 734 292 756 37.80 488 614 276 698 34.90 451 128 2
.72 39.00 511 881 312 836 41.80 540 319 268 668 33.40 431 738 205 694 34.70 448 543
796 39. 8 514 467 .313 840 42.00 542 905 254 618 30.90 399 423 274 690 34.50 445 957
800 40.00 517 052 314 843 42.15 544 844 258 633 31.65 409 117 273 687 34.35 444 018
804 40.20 519 637 315 847 42.35 547 420 272 683 34.15 441 433 270 .675 33.75 436 263
808 40.40 522 223 .316 .850 42.50 549 368 271 678 33.95 438 848 300 783 39.40 500 296
.816 40.80 527 393 317 853 42.65 551 307 267 664 33.20 429 153 324.881 44 05 569 404
41.00 529 978 318 857 42.85 553 892 272 683 34.15 441 433 254 .618 30.90 399 423
.816 40.8 527 393 319 861 43.05 556 477 275 .604 34.70 448 543 134 .241 12 05 155 762
16 40.80 527 393 .320 865 43.25 559 062 274 .690 34.50 445 957 14 415 20.75 268 221
.812 40.60 524 808 321 869 43.45 561 648 271 .679 33.95 438 848 277 702 35 10 453 713 2
.306 .812 40.60 524 808 322 .873 43.65 564 233 276 698 34.90 451 128 278 .706 35.30 456 298
905 808 40.40 522 223 323 877 43.85 566 818 264 .653 32.65 422 044 260 641 32.05 414 288
308 800 40.00 517 052 325 885 44.25 571 989 260 641 32.05 414 288 258 633 31.65 409 117
3 800 40.00 55 .690 34.50 445 957 256 31.30 404 593
17 742 689 20. 15 808 056 02 13 355 452 14 767 561
324 886 44. 28 572 342 .308 820 41.00 529 935 267 667 33.33 430 821 285 737 36. 85 476 373